600 10 0.3150 0.4132 0.5522 0.7151 0.8922 0.4930
600 50 0.3691 0.4880 0.6562 0.8551 1.0734 0.6140
600 100 0.5288 0.6972 0.9434 1.2329 1.5524 0.8845
600 150 0.6710 0.8822 1.2012 1.5890 2.0162 1.2378
600 200 0.9328 1.2265 1.6699 2.2424 2.8516 1.6522
600 250 1.2568 1.6448 2.2500 3.0482 3.9077 2.3107
600 300 1.5907 2.0915 2.8477 3.8806 5.0193 3.3643
600 350 2.0227 2.6596 3.6211 4.9346 6.3825 4.5352
600 400 2.6261 3.4661 4.7344 6.4705 8.4211 5.5170
600 450 3.2371 4.2726 5.8359 7.9761 10.4186 6.8135
600 500 4.0562 5.3536 7.3125 10.0233 13.1242 9.0210
